image_width: 640
image_height: 480
camera_name: narrow_stereo
camera_matrix:
  rows: 3
  cols: 3
  data: [505.256992, 0.000000, 327.629897, 0.000000, 506.306346, 246.144139, 0.000000, 0.000000, 1.000000]
distortion_model: plumb_bob
distortion_coefficients:
  rows: 1
  cols: 5
  data: [0.199639, -0.305096, 0.004695, 0.001251, 0.000000]
rectification_matrix:
  rows: 3
  cols: 3
  data: [1.000000, 0.000000, 0.000000, 0.000000, 1.000000, 0.000000, 0.000000, 0.000000, 1.000000]
projection_matrix:
  rows: 3
  cols: 4
  data: [521.551819, 0.000000, 328.577923, 0.000000, 0.000000, 523.026428, 247.882265, 0.000000, 0.000000, 0.000000, 1.000000, 0.000000]
